.rounded
  -moz-border-radius: 0.833333333em
  -webkit-border-radius: 0.833333333em
  border-radius: 0.833333333em
